9919266519202836
9919266519102836
9919266426202836
9919266519002836
9919266518902836
9919266518702836
9919266425802836
9919266518602836
9919266425602836
9919266518302836
9919266518102836
9919266518002836
9919266425402836
9919266517702836
9919266425302836
9919266425202836
9919266517402836
9919266517202836
9919266517102836
9919266424902836
9919266424802836
9919266424702836
9919266424602836
9919266424502836
9919266516502836
9919266424302836
9919266522502836
9919266427902836
9919266522302836
9919266429802836
9919266524702836
9919266521902836
9919266521702836
9919266524602836
9919266521502836
9919266521302836
9919266521102836
9919266427302836
9919266522302836
9919266520602836
9919266520402836
9919266427202836
9919266427102836
9919266520102836
9919266426902836
9919266519802836
9919266426702836
9919266519602836
9919266426602836
9919266426502836
9919266519202836
9919266522502836
9919266427902836
9919266522302836
9919266429802836
9919266524702836
9919266521902836
9919266521702836
9919266524602836
9919266521502836
9919266521302836
9919266521102836
9919266427302836
9919266522302836
9919266520602836
9919266520402836
9919266427202836
9919266427102836
9919266520102836
9919266426902836
9919266519802836
9919266426702836
9919266519602836
9919266426602836
9919266426502836
9919266519202836
9919266522502836
9919266427902836
9919266522302836
9919266429802836
9919266524702836
9919266521902836
9919266521702836
9919266524602836
9919266521502836
9919266521302836
9919266521102836
9919266427302836
9919266522302836
9919266520602836
9919266520402836
9919266427202836
9919266427102836
9919266520102836
9919266426902836
9919266519802836
9919266426702836
9919266519602836
9919266426602836
9919266426502836
9919266519202836
9919266519102836
9919266426202836
9919266519002836
9919266518902836
9919266518702836
9919266425802836
9919266518602836
9919266425602836
9919266518302836
9919266518102836
9919266518002836
9919266425402836
9919266517702836
9919266425302836
9919266425202836
9919266517402836
9919266517202836
9919266517102836
9919266424902836
9919266424802836
9919266424702836
9919266424602836
9919266424502836
9919266516502836
9919266424302836
9919266522502836
9919266427902836
9919266522302836
9919266429802836
9919266524702836
9919266521902836
9919266521702836
9919266524602836
9919266521502836
9919266521302836
9919266521102836
9919266427302836
9919266522302836
9919266520602836
9919266520402836
9919266427202836
9919266427102836
9919266520102836
9919266426902836
9919266519802836
9919266426702836
9919266519602836
9919266426602836
9919266426502836
9919266519202836
9919266519102836
9919266426202836
9919266519002836
9919266518902836
9919266518702836
9919266425802836
9919266518602836
9919266425602836
9919266518302836
9919266518102836
9919266518002836
9919266425402836
9919266517702836
9919266425302836
9919266425202836
9919266517402836
9919266517202836
9919266517102836
9919266424902836
9919266424802836
9919266424702836
9919266424602836
9919266424502836
9919266516502836
9919266424302836
9919240335802836
9919240335602836
9919240335402836
9919240335202836
9919240335002836
9919240334802836
9919240334602836
9919240334402836
9919240334202836
9919240334002836
9919240333802836
9919240333602836
9919240333402836
9919240333202836
9919240333002836
9919240332802836
9919240332602836
9919240332402836
9919240332202836
9919240332002836
9919240331802836
9919240331602836
9919240331402836
9919240331202836
9919240331002836
9919293335802836
9919293335602836
9919293335402836
9919293335102836
9919293334902836
9919293334602836
9919293334402836
9919293334102836
9919293333902836
9919293333602836
9919293333402836
9919293333102836
9919293332902836
9919293332602836
9919293332402836
9919293332102836
9919293331902836
9919293331602836
9919293331402836
9919293331102836
9919293330902836
9919293330602836
9919293330402836
9919293330102836
9919293329902836
9919293329602836
9919293329402836
9919293329102836
9919293328902836
9919293328602836
9919293328402836
9919293328102836
9919293327902836
9919293327602836
9919293327402836
9919293327102836
9919293326902836
9919293326602836
9919293326402836
9919293326102836
9919293325902836
9919293325602836
9919293325402836
9919293325102836
9919293324902836
9919293324602836
9919293324402836
9919293324102836
9919293323902836
9919293323602836
9919293323402836
9919293323102836
9919293322902836
9919293322602836
9919293322402836
9919293322102836
9919293321902836
9919293321602836
9919293321402836
9919293321102836
9919293320902836
9919293320602836
9919293320402836
9919293320102836
9919293319902836
9919293319602836
9919293319402836
9919293319102836
9919293318902836
9919293318602836
9919293318402836
9919293318102836
9919293317902836
9919293317602836
9919293317402836
9919293317102836
9919293316902836
9919293316602836
9919293316402836
9919293316102836
9919293315902836
9919293315602836
9919293315402836
9919293315102836
9919293314902836
9919293314602836
9919293314402836
9919293314102836
9919293313902836
9919293313602836
9919293313402836
9919293313102836
9919293312902836
9919293312602836
9919293312402836
9919293312102836
9919293311902836
9919293311602836
9919293311402836
9919293311102836
9919293310902836
9919293310602836
9919293310402836
9919293310102836
9919293309902836
9919293309602836
9919293309402836
9919293309102836
9919293308902836
9919293308602836
9919293308402836
9919293308102836
9919293307902836
9919293307602836
9919293307402836
9919293307102836
9919293306902836
9919293306602836
9919293306402836
9919293306102836
9919293305902836
9919293305602836
9919293305402836
9919293305102836
9919293304902836
9919293304602836
9919293304402836
9919293304102836
9919293303902836
9919293303602836
9919293303402836
9919293303102836
9919293302902836
9919293302602836
9919293302402836
9919293302102836
9919293301902836
9919293301602836
9919293301402836
9919293301102836
9919293300902836
9919304132602836
9919304132402836
9919304132102836
9919304131902836
9919304131602836
9919304131402836
9919304131102836
9919304130902836
9919304130602836
9919304130402836
9919304130102836
9919304129902836
9919304232102836
9919304232002836
9919304231902836
9919304231802836
9919304129102836
9919304231602836
9919304128802836
9919304128602836
9919304128302836
9919304128102836
9919304127802836
9919304127602836
9919304127302836
9919304231302836
9919304127102836
9919304231102836
9919304231002836
9919304126602836
9919304126302836
9919304126102836
9919304125802836
9919304125702836
9919304125602836
9919304230502836
9919304230302836
9919304230202836
9919293824102836
9919293823902836
9919293823602836
9919293823402836
9919293823102836
9919293822902836
9919293822602836
9919293822402836
9919293822102836
9919293821902836
9919293821602836
9919293821402836
9919293821102836
9919293820902836
9919293820602836
9919293820402836
9919293820102836
9919293819902836
9919293819602836
9919293819402836
9919293819102836
9919293818902836
9919293818602836
9919293818402836
9919293818102836
9919293817902836
9919293817602836
9919293817402836
9919293817102836
9919293816902836
9919293816602836
9919293816402836
9919293816102836
9919293815902836
9919293815602836
9919293815402836
9919293815102836
9919293814902836
9919293814602836
9919293814402836
9919293814102836
9919293813902836
9919293813602836
9919293813402836
9919293813102836
9919293812902836
9919293812602836
9919293812402836
9919293812102836
9919293811902836
9919293811702836
9919293811402836
9919293811202836
9919293810902836
9919293810702836
9919293810402836
9919293810202836
9919293809902836
9919293809702836
9919293809402836
9919293809202836
9919293808902836
9919293808702836
9919293808402836
9919293808202836
9919293807902836
9919293807702836
9919293807402836
9919293807202836
9919293806902836
9919293806702836
9919293806402836
9919293806202836
9919293805902836
9919293805702836
9919293805402836
9919293805202836
9919293804902836
9919293804702836
9919293804402836
9919293804202836
9919293803902836
9919293803702836
9919293803402836
9919293803202836
9919293802902836
9919293802702836
9919293802402836
9919293802202836
9919293801902836
9919293801702836
9919293801402836
9919293801202836
9919293800902836
9919293800702836
9919293800402836
9919293800202836
9919293799902836
9919293799702836
9919293799402836
9919293799202836
9919293798902836
9919293798702836
9919293798402836
9919293798202836
9919293797902836
9919293797702836
9919293797402836
9919293797202836
9919293796902836
9919293796702836
9919293796402836
9919293796202836
9919293795902836
9919293795702836
9919293795402836
9919293795202836
9919293794902836
9919293794702836
9919293794402836
9919293794202836
9919293793902836
9919293793702836
9919293793402836
9919293793202836
9919293792902836
9919293792702836
9919293792402836
9919293792202836
9919293791902836
9919293791702836
9919293791402836
9919293791202836
9919293790902836
9919293790702836
9919293790402836
9919293790202836
9919293789902836
9919293789702836
9919293789402836
9919293789202836
9919293788902836
9919293788702836
9919293788402836
9919293788202836
9919293787902836
9919293787702836
9919293787402836
9919293787202836
9919293786902836
9919293786702836
9919293786402836
9919293786202836
9919293785902836
9919293785702836
9919293785402836
9919293785202836
9919293784902836
9919293784702836
9919293784402836
9919293784202836
9919293783902836
9919293783702836
9919293783402836
9919293783202836
9919293782902836
9919293782702836
9919293782402836
9919293782202836
9919293781902836
9919293781702836
9919293781402836
9919293781202836
9919293780902836
9919293780702836
9919293780402836
9919293780202836
9919293779902836
9919293779702836
9919293779402836
9919293779202836
9919293778902836
9919293778702836
9919293778402836
9919293778202836
9919293777902836
9919293777702836
9919293777402836
9919293777202836
9919293776902836
9919293776702836
9919293776402836
9919293776202836
9919293775902836
9919293775702836
9919293775402836
9919293775202836
9919293774902836
9919293774702836
9919293774402836
9919293774202836
9919293773902836
9919293773702836
9919293773402836
9919293773202836
9919293772902836
9919293772702836
9919293772402836
9919293772202836
9919293771902836
9919293771702836
9919293771402836
9919293771202836
9919293770902836
9919293770702836
9919293770402836
9919293770202836
9919293769902836
9919293769702836
9919293769402836
9919293769202836
9919293768902836
9919293768702836
9919293768402836
9919293768202836
9919293767902836
9919293767702836
9919293767402836
9919293767202836
9919293766902836
9919293766702836
9919293766402836
9919293766202836
9919293765902836
9919293765702836
9919293765402836
9919293765202836
9919293764902836
9919293764702836
9919293764402836
9919293764202836
9919293763902836
9919293763702836
9919293763402836
9919293763202836
9919293762902836
9919293762702836
9919293762402836
9919293762202836
9919293761902836
9919293761702836
9919293761402836
9919293761202836
9919293760902836
9919293760702836
9919293760402836
9919293760202836
9919293759902836
9919293759702836
9919293759402836
9919293759202836
9919293758902836
9919293758702836
9919293758402836
9919293758202836
9919293757902836
9919293757702836
9919293757402836
9919293757202836
9919293756902836
9919293756702836
9919293756402836
9919293756202836
9919293755902836
9919293755702836
9919293755402836
9919293755202836
9919293754902836
9919293754702836
9919293754402836
9919293754202836
9919293753902836
9919293753702836
9919293753402836
9919293753202836
9919293752902836
9919293752702836
9919293752402836
9919293752202836
9919293751902836
9919293751702836
9919293751402836
9919293751202836
9919293750902836
9919293750702836
9919293750402836
9919293750202836
9919293749902836
9919293749702836
9919293749402836
9919293749202836
9919293748902836
9919293748702836
9919293748402836
9919293748202836
9919293747902836
9919293747702836
9919293747402836
9919293747202836
9919293746902836
9919293746702836
9919293746402836
9919293746202836
9919293935602836
9919293935402836
9919293935102836
9919293934902836
9919293934602836
9919293934402836
9919293934102836
9919293933902836
9919293933602836
9919293933402836
9919293933102836
9919293932902836
9919293932602836
9919293932402836
9919293932102836
9919293931902836
9919293931602836
9919293931402836
9919293931102836
9919293930902836
9919293930602836
9919293930402836
9919293930102836
9919293929902836
9919293929602836
9919293929402836
9919293929102836
9919293928902836
9919293928602836
9919293928402836
9919293928102836
9919293927902836
9919293927602836
9919293927402836
9919293927102836
9919293926902836
9919293926602836
9919293926402836
9919293926102836
9919293925902836
9919293925602836
9919293925402836
9919293925102836
9919293924902836
9919293924602836
9919293924402836
9919293924102836
9919293923902836
9919293923602836
9919293923402836
9919293923102836
9919293922902836
9919293922602836
9919293922402836
9919293922102836
9919293921902836
9919293921602836
9919293921402836
9919293921102836
9919293920902836
9919293920602836
9919293920402836
9919293920102836
9919293919902836
9919293919602836
9919293919402836
9919293919102836
9919293918902836
9919293918602836
9919293918402836
9919293918102836
9919293917902836
9919293917602836
9919293917402836
9919293917102836
9919293916902836
9919293916602836
9919293916402836
9919293916102836
9919293915902836
9919293915602836
9919293915402836
9919293915102836
9919293914902836
9919293914602836
9919293914402836
9919293914102836
9919293913902836
9919293913602836
9919293913402836
9919293913102836
9919293912902836
9919293912602836
9919293912402836
9919293912102836
9919293911902836
9919293911602836
9919293911402836
9919293911102836
9919293910902836
9919293910602836
9919293910402836
9919293910102836
9919293909902836
9919293909602836
9919293909402836
9919293909102836
9919293908902836
9919293908602836
9919293908402836
9919293908102836
9919293907902836
9919293907602836
9919293907402836
9919293907102836
9919293906902836
9919293906602836
9919293906402836
9919293906102836
9919293905902836
9919293905602836
9919293905402836
9919293905102836
9919293904902836
9919293904602836
9919293904402836
9919293904102836
9919293903902836
9919293903602836
9919293903402836
9919293903102836
9919293902902836
9919293902602836
9919293902402836
9919293902102836
9919293901902836
9919293901602836
9919293901402836
9919293901102836
9919293900902836
9919293900602836
9919293900402836
9919293900102836
9919293899902836
9919307335802836
9919307435802836
9919307335502836
9919307335302836
9919307335202836
9919307435402836
9919307435302836
9919307334702836
9919307435202836
9919307334402836
9919307434902836
9919307434602836
9919307334302836
9919307334002836
9919307333802836
9919307333502836
9919307434302836
9919307333402836
9919307333302836
9919307333202836
9919307433702836
9919307433602836
9919307332702836
9919307433402836
9919307433302836
9919307433202836
9919307433002836
9919307332002836
9919307331802836
9919307432902836
9919307432702836
9919307331402836
9919307331202836
9919307331002836
9919307330902836
9919307330602836
9919307330502836
9919307432002836
9919307330302836
9919307431802836
9919307431602836
9919307329902836
9919307431502836
9919307329502836
9919307431402836
9919307329202836
9919307431202836
9919293899602836
9919293899402836
9919293899102836
9919293898902836
9919293898602836
9919293898402836
9919293898102836
9919293897902836
9919293897602836
9919293897402836
9919293897102836
9919293896902836
9919293896602836
9919293896402836
9919293896102836
9919293895902836
9919293895602836
9919293895402836
9919293895102836
9919293894902836
9919293894602836
9919293894402836
9919293894102836
9919293893902836
9919293893602836
9919293893402836
9919293893102836
9919293892902836
9919293892602836
9919293892402836
9919293892102836
9919293891902836
9919293891602836
9919293891402836
9919293891102836
9919293890902836
9919293890602836
9919293890402836
9919293890102836
9919293889902836
9919293889602836
9919293889402836
9919293889102836
9919293888902836
9919293888602836
9919293888402836
9919293887602836
9919293887402836
9919293887102836
9919293886902836
9919293886602836
9919293886402836
9919293886102836
9919293885902836
9919293885602836
9919293885402836
9919293885102836
9919293884902836
9919293884602836
9919293884402836
9919293884102836
9919293883902836
9919293883602836
9919293883402836
9919293883102836
9919293882902836
9919293882602836
9919293882402836
9919293882102836
9919293881902836
9919293881602836
9919293881402836
9919293881102836
9919293880902836
9919293880602836
9919293880402836
9919293880102836
9919293879902836
9919293879602836
9919293879402836
9919293879102836
9919293878902836
9919293878602836
9919293878402836
9919293878102836
9919293877902836
9919293877602836
9919293877402836
9919293877102836
9919293876902836
9919293876602836
9919293876402836
9919293876102836
9919293875902836
9919293875602836
9919293875402836
9919293875102836
9919293874902836
9919293874602836
9919293874402836
9919293874102836
9919293873902836
9919293873602836
9919293873402836
9919293873102836
9919293872902836
9919293872602836
9919293872402836
9919293872102836
9919293871902836
9919293871602836
9919293871402836
9919293871102836
9919293870902836
9919293870602836
9919293870402836
9919293870102836
9919293869902836
9919293869602836
9919293869402836
9919293869102836
9919293868902836
9919293868602836
9919293868402836
9919293868102836
9919293867902836
9919293867602836
9919293867402836
9919293867102836
9919293866902836
9919293866602836
9919293866402836
9919293866102836
9919293865902836
9919293865602836
9919293865402836
9919293865102836
9919293864902836
9919293864602836
9919293864402836
9919293864102836
9919293863902836
9919293863602836
9919293863402836
9919293863102836
9919293862902836
9919293862602836
9919293862402836
9919293862102836
9919293861902836
9919293861602836
9919293861402836
9919293861102836
9919293860902836
9919293860602836
9919293860402836
9919293860102836
9919293859902836
9919293859602836
9919293859402836
9919293859102836
9919293858902836
9919312934302836
9919313034702836
9919312934102836
9919312934002836
9919313034502836
9919312933602836
9919312933402836
9919312933302836
9919312933202836
9919313034002836
9919313033702836
9919312933002836
9919313033402836
9919312932702836
9919313033302836
9919312932302836
9919312932002836
9919313033102836
9919312931802836
9919313032902836
9919312931602836
9919313032602836
9919313032502836
9919312931102836
9919313032302836
9919313032102836
9919313031902836
9919313031702836
9919313031402836
9919312930802836
9919312930602836
9919312930402836
9919312930302836
9919312930202836
9919313030702836
9919313030502836
9919313030202836
9919312930002836
9919313029802836
9919313029602836
9919312929802836
9919312929702836
9919313029202836
9919312929502836
9919312929402836
9919313028702836
9919312929202836
9919313028402836
9919312929102836
9919313028002836
9919312929002836
9919313027602836
9919313027302836
9919312928802836
9919313027202836
9919313027002836
9919312928302836
9919312928202836
9919294334902836
9919294334702836
9919294334402836
9919294334202836
9919294333902836
9919294333702836
9919294333402836
9919294333202836
9919294332902836
9919294332702836
9919294332402836
9919294332202836
9919294331902836
9919294331702836
9919294331402836
9919294331202836
9919294330902836
9919294330702836
9919294330402836
9919294330202836
9919294329902836
9919294329702836
9919313026202836
9919313026002836
9919313025902836
9919313025802836
9919313025502836
9919313025402836
9919313025102836
9919313025002836
9919313024702836
9919313024602836
9919312923702836
9919313024502836
9919313024402836
9919312923202836
9919313024302836
9919313024202836
9919313024002836
9919312922602836
9919312922302836
9919312922102836
9919312921802836
9919312921702836
9919294535602836
9919294535402836
9919294535102836
9919294534902836
9919294534602836
9919294534402836
9919294534102836
9919294533902836
9919294533602836
9919294533402836
9919294533102836
9919294532902836
9919294532602836
9919294532402836
9919294532102836
9919294531902836
9919294531602836
9919294531402836
9919294531102836
9919294530902836
9919294530602836
9919294530402836
9919294530102836
9919294529902836
9919294529602836
9919294529402836
9919294529102836
9919294528902836
9919294528602836
9919294528402836
9919294528102836
9919294527902836
9919294527602836
9919294527402836
9919294527102836
9919294526902836
9919294526602836
9919294526402836
9919294526102836
9919294525902836
9919321335802836
9919321435802836
9919321335602836
9919321335502836
9919321335402836
9919321335302836
9919321335202836
9919321335102836
9919321434602836
9919321335002836
9919321434202836
9919321434002836
9919321433902836
9919321334702836
9919321334502836
9919321433502836
9919321433202836
9919321334402836
9919321432802836
9919321432602836
9919321432302836
9919321334302836
9919321334002836
9919321333902836
9919321432002836
9919321431902836
9919321431602836
9919321431402836
9919321431102836
9919321333502836
9919321333302836
9919321430802836
9919321430702836
9919321332802836
9919321332602836
9919321332402836
9919321332102836
9919321430502836
9919321430402836
9919321430302836
9919325335702836
9919325335602836
9919325335502836
9919325335302836
9919325335002836
9919325334902836
9919325234402836
9919325334802836
9919325234002836
9919325334602836
9919325334302836
9919325233802836
9919325233502836
9919325334202836
9919325334002836
9919325333802836
9919325233002836
9919325232802836
9919325333702836
9919325232502836
9919325232402836
9919325333202836
9919325232302836
9919325332802836
9919325332702836
9919325332602836
9919325332502836
9919325332402836
9919325231402836
9919325332302836
9919325231002836
9919325332202836
9919337635802836
9919337735802836
9919337635602836
9919337635402836
9919337635102836
9919337634902836
9919337634802836
9919337634702836
9919337634402836
9919337634202836
9919337735102836
9919337735002836
9919337734702836
9919337633802836
9919337734502836
9919337633502836
9919337633202836
9919337633002836
9919342035802836
9919342135702836
9919342035502836
9919342035302836
9919342035002836
9919342135602836
9919342135502836
9919342135402836
9919342135302836
9919342034302836
9919342034102836
9919342134902836
9919342134802836
9919342134602836
9919342033702836
9919342033602836
9919342033502836
9919342033302836
9919342033202836
9919342133802836
9919342032902836
9919342133702836
9919342032602836
9919342133502836
9919342032202836
9919342133402836
9919342031802836
9919342031602836
9919342031402836
9919342031302836
9919342132902836
9919342132702836
9919342031202836
9919342031102836
9919342132302836
9919342030702836
9919342030502836
9919342132102836
9919342030302836
9919342030102836
9919349435802836
9919349535802836
9919349435502836
9919349535602836
9919349435102836
9919349435002836
9919349434902836
9919349535102836
9919349534802836
9919349434802836
9919349434702836
9919349534402836
9919349534202836
9919349434402836
9919349434302836
9919349533702836
9919349533402836
9919349533202836
9919349533002836
9919349532902836
9919349433902836
9919349433702836
9919349433602836
9919349532502836
9919349433302836
9919349532302836
9919349532202836
9919349532002836
9919355935802836
9919355935702836
9919355935602836
9919355935502836
9919356035402836
9919356035302836
9919356035002836
9919356034802836
9919356034602836
9919355935002836
9919355934902836
9919355934802836
9919355934702836
9919356033802836
9919356033702836
9919355934302836
9919355934202836
9919355934102836
9919356033102836
9919356032902836
9919356032602836
9919355933902836
9919355933602836
9919356032502836
9919361935802836
9919361935702836
9919362035502836
9919362035302836
9919362035202836
9919362035102836
9919361935202836
9919362034902836
9919361934802836
9919362034802836
9919362034502836
9919361934502836
9919361934202836
9919361934002836
9919361933802836
9919362034202836
9919362034002836
9919361933602836
9919361933402836
9919361933202836
9919362033702836
9919362033502836
9919362033402836
9919361932602836
9919361932302836
9919361932202836
9919361931902836
9919361931702836
9919362033002836
9919361931602836
9919367935802836
9919368035702836
9919367935702836
9919367935602836
9919368035102836
9919368034902836
9919368034602836
9919367935502836
9919368034202836
9919367935402836
9919367935302836
9919367935102836
9919367934802836
9919368033802836
9919368033602836
9919367934502836
9919367934302836
9919368033202836
9919367934202836
9919367934102836
9919367933902836
9919367933702836
9919374335802836-deleted
9919374335702836-deleted
9919374335602836-deleted
9919375035802836-deleted
9919375035702836-deleted
9919374335302836
9919375035402836
9919375035302836
9919375035202836
9919375035002836
9919375034802836
9919374334702836
9919374334502836
9919375034502836
9919374334102836
9919375034302836
9919374333802836
9919374333502836
9919374333302836
9919375034202836
9919374332902836
9919374332602836
9919374332502836
9919375033902836
9919375033802836
9919374332102836
9919375033502836
9919375033302836
9919374331802836
9919375033002836
9919375032802836
9919374331702836
9919374331602836
9919375032202836
9919374331502836
9919374331402836
9919374331302836
9919374331202836
9919374331102836
9919382031202836
9919381632102836
9919381631902836
9919381631702836
9919382030902836
9919382030802836
9919382030602836
9919381631302836
9919382030302836
9919381631002836
9919381630802836
9919381630702836
9919381630502836
9919382029802836
9919382029602836
9919382029402836
9919381630302836
9919381630202836
9919381630102836
9919382028702836
9919382028602836
9919381629702836
9919382028302836
9919381629602836
9919381629502836
9919381629402836
9919381629302836
9919382027502836
9919382027202836
9919381629202836
9919381629102836
9919381629002836
9919381628902836
9919381628802836
9919382026202836
9919382026002836
9919382025802836
9919382025602836
9919382025502836
9919382025402836
9919382025202836
9919381628102836
9919382025002836
9919381627902836
9919381627702836
9919382024702836
9919381627402836
9919381627202836
9919385534702836
9919385434802836
9919385434702836
9919385534302836
9919385434402836
9919385534102836
9919385434302836
9919385533802836
9919385433902836
9919385533702836
9919385433502836
9919385433302836
9919385533402836
9919385433202836
9919385432902836
9919385432702836
9919385432402836
9919385432302836
9919385432202836
9919385532902836
9919385532602836
9919385431902836
9919385431602836
9919385431502836
9919385532302836
9919385532202836
9919385532002836
9919385431002836
9919385430902836
9919385531702836
9919385430502836
9919385531602836
9919385430102836
9919385430002836
9919385531402836
9919385429702836
9919385429402836
9919385531102836
9919385530902836
9919385429202836
9919385530602836
9919385530402836
9919385428902836
9919385428702836
9919385530102836
9919385428402836
9919385428102836
9919385428002836
9919385427902836
9919385427802836
9919385529402836
9919385427702836
9919392835802836
9919392835702836
9919392935602836
9919392835402836
9919392935502836
9919392935302836
9919392835102836
9919392834902836
9919392934802836
9919392934602836
9919392834802836
9919392934302836
9919392934002836
9919392834602836
9919392834502836
9919392834402836
9919392933502836
9919392933302836
9919392933002836
9919392834002836
9919392833802836
9919392932802836
9919392833402836
9919392833302836
9919392833102836
9919392932502836
9919392932302836
9919392932202836
9919392832702836
9919392931802836
9919392931502836
9919392931402836
9919392832502836
9919392931002836
9919392832402836
9919392832302836
9919392930502836
9919392930402836
9919392831802836
9919392831602836
9919392930302836
9919392930202836
9919392831102836
9919392930002836
9919392929902836
9919392929802836
9919392929702836
9919392929602836
